每幅图像的标定误差：
第1幅图像的平均误差：0.143672像素
第2幅图像的平均误差：0.165548像素
第3幅图像的平均误差：0.216448像素
第4幅图像的平均误差：0.0898092像素
第5幅图像的平均误差：0.118453像素
第6幅图像的平均误差：0.0750284像素
第7幅图像的平均误差：0.125293像素
第8幅图像的平均误差：0.201044像素
第9幅图像的平均误差：0.116474像素
第10幅图像的平均误差：0.0959929像素
第11幅图像的平均误差：0.136156像素
第12幅图像的平均误差：0.142027像素
总体平均误差：0.135495像素

相机内参数矩阵：
[951.6424137240591, 0, 539.1488524839644;
 0, 958.3619047037262, 359.0108422572647;
 0, 0, 1]

畸变系数：
[0.1218999505992421, 0.05699220469918038, -0.006481103461585719, 0.006750276586844358, -0.7948316241414092]


第1幅图像的旋转向量：
[1.803011551293205;
 1.912541183556457;
 -0.3489360443252629]
第1幅图像的旋转矩阵：
[-0.01192146250364279, 0.9851837779101438, 0.1710871195457758;
 0.8612923545508819, 0.09703662132094781, -0.4987578311313142;
 -0.5079698403684729, 0.1414101052446794, -0.849688074184119]

第1幅图像的平移向量：
[-155.1774341717735;
 -122.8855878679207;
 514.604869172222]

第2幅图像的旋转向量：
[1.657414765917854;
 1.738898737094001;
 -0.1374152347139511]
第2幅图像的旋转矩阵：
[0.0847620126443841, 0.9052510505655225, 0.4163363263786751;
 0.8286219309288256, 0.1680077004632099, -0.5340029102625269;
 -0.5533544043343808, 0.3902485721115219, -0.735870202663935]

第2幅图像的平移向量：
[-139.7289990348906;
 -41.79638293724941;
 434.5398964474551]

第3幅图像的旋转向量：
[1.642150798361252;
 1.606626891017958;
 -0.8025190205656227]
第3幅图像的旋转矩阵：
[0.04166013107623467, 0.9984161454215893, 0.03781050171852218;
 0.5694511005581803, 0.007368199624147254, -0.8219921859162503;
 -0.8209688651537205, 0.05577553402518132, -0.5682422126632427]

第3幅图像的平移向量：
[-156.6492778102522;
 18.68732268068684;
 471.5042689038013]

第4幅图像的旋转向量：
[2.281257976829458;
 1.991327517436957;
 0.05957688563208793]
第4幅图像的旋转矩阵：
[0.1374091755662108, 0.9850815555608941, 0.1036004216397978;
 0.9895131724689095, -0.1318158874773168, -0.05906143681863738;
 -0.04452415053349057, 0.1106295652269177, -0.9928638876084547]

第4幅图像的平移向量：
[-163.6151701028396;
 -88.03835810800821;
 374.9576558260492]

第5幅图像的旋转向量：
[2.050101387656343;
 1.972182834262839;
 0.1803364751293893]
第5幅图像的旋转矩阵：
[0.05488854075472516, 0.9561434767960265, 0.2877097493555324;
 0.9924669791229087, -0.0206356630065333, -0.1207620170539091;
 -0.1095287334194308, 0.2921708767017808, -0.9500734894537622]

第5幅图像的平移向量：
[-66.82919024241551;
 -47.6972635643392;
 418.8337943143266]

第6幅图像的旋转向量：
[2.225354989062029;
 2.111084166873882;
 -0.0132051692587891]
第6幅图像的旋转矩阵：
[0.05394897147797273, 0.99753980862567, 0.04476425676284953;
 0.9969017568796005, -0.05123633633296099, -0.05968018908768064;
 -0.05723980788607236, 0.04784525103118555, -0.9972133354237338]

第6幅图像的平移向量：
[-162.5443273370638;
 -93.59030936044545;
 396.0009897658079]

第7幅图像的旋转向量：
[2.121694723160474;
 2.205487698654778;
 -0.5002835807661635]
第7幅图像的旋转矩阵：
[-0.06329553410550814, 0.9793918139104171, -0.191795073470518;
 0.9662897548576564, 0.01208636073499836, -0.2571731508950998;
 -0.249555174299049, -0.2016075264702348, -0.9471412884312059]

第7幅图像的平移向量：
[-181.2505276479573;
 -54.04331634077982;
 427.0500568766118]

第8幅图像的旋转向量：
[-1.87991901295422;
 -2.333684039878875;
 -0.7929370849313669]
第8幅图像的旋转矩阵：
[-0.2638627125233968, 0.9234203250304561, 0.278695841842755;
 0.9020590654607067, 0.1339241012660443, 0.4103093680629757;
 0.3415639198743795, 0.359665453471318, -0.8683172520567121]

第8幅图像的平移向量：
[-68.96858956081314;
 -31.55916798617186;
 331.2782660317099]

第9幅图像的旋转向量：
[1.888702578769134;
 2.031167633627345;
 -0.1051007771843183]
第9幅图像的旋转矩阵：
[-0.03835661653596312, 0.9765004172493823, 0.2120747629485782;
 0.949396735134634, 0.1018194250758525, -0.2971172226460808;
 -0.3117284223223973, 0.1899466761725655, -0.9309917566377178]

第9幅图像的平移向量：
[-107.242022249386;
 -69.06195931010834;
 377.8226692874154]

第10幅图像的旋转向量：
[2.028201777362136;
 2.094416117412974;
 -0.35282658452237]
第10幅图像的旋转矩阵：
[-0.03515223271054602, 0.999198258742882, -0.01916142637322521;
 0.9503285818001983, 0.02748754844846946, -0.310032290727784;
 -0.3092570244134928, -0.02910797838198281, -0.9505329128680533]

第10幅图像的平移向量：
[-153.9198686048192;
 -64.29916093317362;
 388.5514244306073]

第11幅图像的旋转向量：
[2.078588107849322;
 2.113517913418395;
 -0.463096184196807]
第11幅图像的旋转矩阵：
[-0.03490935654490679, 0.9929115343389404, -0.1136134754433279;
 0.9494471917293054, -0.002538551521126919, -0.3139165269199923;
 -0.311979754059388, -0.1188286191658629, -0.9426284487135842]

第11幅图像的平移向量：
[-109.5588283500523;
 -82.33986647870636;
 329.8950141056132]

第12幅图像的旋转向量：
[1.805144201144845;
 1.978369623704356;
 0.04220768623039291]
第12幅图像的旋转矩阵：
[-0.03411218769627433, 0.9360967406643075, 0.3500846337219536;
 0.9501759942813592, 0.1389738796505813, -0.2790194270410147;
 -0.3098417959895091, 0.3231240518632527, -0.8941973543717682]

第12幅图像的平移向量：
[-72.25789623350283;
 -68.29614766358098;
 386.6257587165579]


