每幅图像的标定误差：
第1幅图像的平均误差：0.162312像素
第2幅图像的平均误差：0.0890496像素
第3幅图像的平均误差：0.120412像素
第4幅图像的平均误差：0.0786264像素
第5幅图像的平均误差：0.125793像素
第6幅图像的平均误差：0.115192像素
第7幅图像的平均误差：0.0955381像素
第8幅图像的平均误差：0.135583像素
第9幅图像的平均误差：0.141688像素
总体平均误差：0.118244像素

相机内参数矩阵：
[939.0248804529072, 0, 537.9922377100092;
 0, 946.1583329595678, 363.5432294742895;
 0, 0, 1]

畸变系数：
[0.1396270475564389, -0.08895838382706098, -0.006837316341545375, 0.007056226551556932, -0.4428152281540997]


第1幅图像的旋转向量：
[1.660740449919121;
 1.741235847154211;
 -0.1352497959116124]
第1幅图像的旋转矩阵：
[0.08407162021333048, 0.9058366119377615, 0.4152011502245905;
 0.8308573753349034, 0.1663027530271971, -0.5310550029772535;
 -0.5500981589919214, 0.3896195924343289, -0.7386396879839361]

第1幅图像的平移向量：
[-139.199886712328;
 -43.82695301545511;
 429.0881272232345]

第2幅图像的旋转向量：
[2.280694272974793;
 1.989733957860767;
 0.05593538676292589]
第2幅图像的旋转矩阵：
[0.1380776481165477, 0.985072026008358, 0.1027991569342463;
 0.9892914961540863, -0.1322187290450381, -0.06181054381676485;
 -0.04729586374951147, 0.1102329862858829, -0.9927798295728434]

第2幅图像的平移向量：
[-163.2094025996415;
 -89.75703493246689;
 370.4159195105804]

第3幅图像的旋转向量：
[2.052587052376907;
 1.973312175642572;
 0.1811174041380278]
第3幅图像的旋转矩阵：
[0.05512200341449114, 0.9565622634954359, 0.2862694548778486;
 0.9926909581154545, -0.02167413093098092, -0.1187219176235257;
 -0.1073602646019155, 0.2907212893904995, -0.9507654313655562]

第3幅图像的平移向量：
[-66.35136444173459;
 -49.66984793291588;
 413.3571609365342]

第4幅图像的旋转向量：
[2.224205967440316;
 2.109195865183523;
 -0.01585036818801458]
第4幅图像的旋转矩阵：
[0.05439263531280358, 0.9975072052634932, 0.04495349453761029;
 0.9967189434393002, -0.05153699343383666, -0.06241222714376815;
 -0.05993987831963769, 0.04820076508952215, -0.9970375605922837]

第4幅图像的平移向量：
[-162.1008041448428;
 -95.39057995162858;
 391.2038269534509]

第5幅图像的旋转向量：
[2.121796445280904;
 2.20638692039938;
 -0.4972393970587437]
第5幅图像的旋转矩阵：
[-0.06334310000273002, 0.9796260774250117, -0.1905791177199892;
 0.9666750422844573, 0.01276340190809289, -0.2556882050390196;
 -0.2480463954714669, -0.2004241602218103, -0.9477885532612191]

第5幅图像的平移向量：
[-180.8270461084244;
 -55.96327352544974;
 421.8636853324366]

第6幅图像的旋转向量：
[1.891613923748469;
 2.033600384288905;
 -0.1038112155447556]
第6幅图像的旋转矩阵：
[-0.03870202448528604, 0.9769064729964325, 0.2101330443276604;
 0.9504302912171225, 0.1009154568193827, -0.2941059878885005;
 -0.3085197154764601, 0.1883343133701489, -0.9323871361026592]

第6幅图像的平移向量：
[-106.8118435634247;
 -70.79746030117016;
 373.1142767410052]

第7幅图像的旋转向量：
[2.029412733002133;
 2.095694789356853;
 -0.3509645999342525]
第7幅图像的旋转矩阵：
[-0.03516724899297363, 0.9991950576560579, -0.01930029414214074;
 0.9509653208660919, 0.02751912727607997, -0.308070862211949;
 -0.3072917556790565, -0.02918791513057845, -0.9511676206126937]

第7幅图像的平移向量：
[-153.4888034887846;
 -66.05338472324803;
 383.757619974171]

第8幅图像的旋转向量：
[2.079131204007789;
 2.114885121165281;
 -0.4586851218699719]
第8幅图像的旋转矩阵：
[-0.03488012755890413, 0.9930983206849143, -0.1119781324825405;
 0.9502578521862669, -0.001743563338590381, -0.3114594264831732;
 -0.3095050743684462, -0.1172718441898443, -0.9436386615121783]

第8幅图像的平移向量：
[-109.2520360857057;
 -83.84482988581657;
 325.9910785174688]

第9幅图像的旋转向量：
[1.808304571025418;
 1.980601319454149;
 0.04359721039249035]
第9幅图像的旋转矩阵：
[-0.03446447767734351, 0.9368110350785135, 0.3481340034147078;
 0.9512225473328915, 0.1376042608796815, -0.2761172447227465;
 -0.3065744040587088, 0.3216366769242593, -0.8958582381343418]

第9幅图像的平移向量：
[-71.80907346119254;
 -70.0887006543711;
 381.6790911576363]


